$ANSIBLE_VAULT;1.1;AES256
36663231306235353537336564623563303935386263363231633235363463303264373961636639
6662643931616635616637343430666338633963323037310a393264343937323239333264343036
30633762343733313161613138373331343137393963303530373037326562363935343338663534
3337303730343438390a643036303563373962633365653366623332393863396538633364656139
64363866623362396661383238356363356263353162313362333932613330653166393239623062
33616463663134653636646661333966373535323431333436653763393937333566323230656531
30303065626536663266623662666430653835303032626362666233313864383635346663353063
64353063313532393363323833333864663666393564663232623438636364303763633631623562
33633437396138386465353032353936346135613533353934643132333839613633353430306462
66306639323466306363336366353334343833313132316461363336353539336334633232343030
35633162643339336630633333633663363463653665363231366138633234623463363862666339
65396466323839636662336264656364643266666438306637316461653538623836663162363332
36333339363338633238643633373431303961343230336235656534663937363262386263633661
66393264643230663132643164393366393666633630333936633831653166356234396563336137
38383331366430356664386362326533633166333433623233396531653236313734383732306233
37343036623561646135633634653032653366613666333538663162313466353462323930343231
35653765643835326666393434643633646536366133393235346538666434356135663864393134
37353830313330353036336462366635393331613262333165393066653433393334393731343933
39326339363134663532663338333964653437383333323833653634623836653836616463323333
36393762353637343365613463666333656231316662366235303361333361343763633231653135
35303834396362643836366431613237383032363861336565356336353836316531663131316234
61613937653333656230383665336636656266356565356530636334303834303936316566623661
30373436313238616664373335636266356161616263326639396331356561653736323533353166
66633061303733656535653130393431643366653336666437383865316435336532643262386161
36376666313064346434383234353731663334626639666531333265663163653431303634643534
62336366343961613231373562363735366531303039303639323262613134633436386464393834
37356665373333346636313536343338633836653638353237386636363333336665373365386136
39333637396332643263333465393933633166333266666238396539353462343333646466633130
30653861663563393437666362353838626636653732333831386135333861623364373130323934
31613265313634316239353236313965313835313030653336326466653238613765316130386335
38616562313732316431393561663339346238393831313264393866656532396130343637313437
34656639633637313831626530366561623936396566353936366239616633653036353135656132
65336461633430663139393661333739303334383633636335326535616563646133386530313963
65333165653563356437386537386261393364336537366661343462623530323933643430613932
63636336393830663837656565656465643861323964323134383430346636623135376435316662
31636665306339613733646363376161663432333630333562636236366563316135336163663230
31663361613766663035633261633230383130646365376439656137656161653761356438343738
61316662356336353737666532623466613933633935306635326437323337623634363836353237
64643132626539396130343931343564393137303665363664643331613764363930393436366131
63623566336166386532626338363761663936653939633034363432316663346339643066396366
33346462316166333563356665343063356664326336623766623864656264623534353461653463
34303061353062366136626136646439383735333262343733303439366133373533316630653163
39313133393334636533636234646631653036363466616564383361373266383363366638646230
34633134633733393338343830643861336261343763313565363161386261343733323531646165
62373163366638326261326432343230633764333766306663623138343332326538333036666133
30353439636336353135343163326633363332353934393766613937316234323265323334313964
38663562363939623065653832336539356631373432396561323465643032666530393966313432
62326364653039623764353664613134326632313036633966646562323766633638646161643263
37333734346163343761626538396230343733666461353663356466333461396165336161316431
61613862373534386237616330383031643032353330363933343336386435623433313162303130
34373535353135623462336461663236616130303466613530313764613932376666373862373461
38663437303730316535376238663631373463393034373961383136636334353938646166333966
37336430373564343532623266356237623132333364396564343338303566306164383834653231
61313432336362653862626638303062613531303733386264633763343033373135356137303434
30666337356265656337316566623337623862303434333736353339646439663030363764366465
65323433343134363532323737376131626361313736383466323836383234346636393166343662
31376331343539323830643963376263653131316132323061636563316239643337373962313431
65393835386563323337383963383935616435666464373134323864323032396163363335323937
65313061353731333564326138346163663534353461336462376134643963613064653238383865
62333634613536343165643634633463653537626661663635346362616630666432373439616465
33373061316439636662623263623231366638653134656437366661373939623232613465333733
39633539613361623331646537366232663330366338386535626331356364646338386231366364
30316166373238643663396263626139316333373332303361366132313664386237633532383337
66623563396363636131386463653536646638373533373964393031616135643233623332303066
32323033333631316430636339383335346663626534633337383063656537666238346436613964
31366439313632636637626233326231373136633737633333333863353362333932366666656561
30643837623734316132663736636634353335313864303137353238633234373461343131353738
37323234303366306435373137613534656662616431393534613934393736653736356537303861
31386330643264663463313833666433333232636562356230303761316439303238656134633561
62363139343065313436313839323036343362643133386661653234396533383963396336306536
35383162393635396330643761343537306633393539393737316237333061363336353262336233
31623931333263643339656334323563396363313136306437343331616636336166653630366662
33393464633965323139333263653135373336316532623632623732303666376438636631333866
37636462346539656464653964363830613230663032343261356264663338623133316164353135
37633834363135333065336135373734343235373633323730643464636134333031333363633838
61663830663331386235386434663836303630346565306534353734636230636562366235323065
65663033343331373861613635633534356264363031373131396538373464656465336531396666
34656465343732646230623264316339393439333838353737623239396164306663363634663238
62346266616335336461393736363034663535643233633637656536643963313431646431363234
32383631326432623133303635393864336462356338666131393530643230316165323334346461
63303535356638393538373262663034363530376635613262316363366161376164343436306134
34303733313261316365383432643833616330303062353633623938313437656262333965316661
32363036343435393637363837333539623165393839623433373430353532623930313538393835
65326633326638653863343830393364353438383234313430613031306233643939303131346262
33613339356438623361356337313064626432313237636539326664326437363364653866393937
32653934343036656262333535663564343232316662386533383936333934356436333065343830
62323535376263376532353239376432376365383236343861333465303332306364653636316462
61623339613563346465313431376632633333616138353563633165663230333130663037623739
37346432386566386436623739346236356631663364666235636363616531366137386262633066
34643165666435376637656665623964326162353735656431653161306434303765636262626361
66393237613737343332613233346366396432343866636461666430393466343664353035663963
35653534353030303837613736396464303238613961356135656535633964626533323337353263
36343830386262323163386131646431316662366465303536323334326536376336643464333562
6139396237393465333930366661366231396565623637623734
